0.052259
0.253529
0.125931
0.000000
0.015655
0.188209
0.082466
0.246080
0.056490
0.137910
0.322939
0.270355
0.148835
0.281515
0.374945
0.433761
0.409758
0.388925
0.536517
0.753171
0.518154
0.515583
0.684855
0.693636
0.415460
0.538985
0.675002
0.679467
0.513197
0.748478
0.603114
0.519002
0.648802
0.741626
0.655227
0.617476
0.795402
0.808948
0.850798
0.792173
0.718769
0.773264
0.800901
0.697157
0.752582
0.808359
0.685317
0.695854
0.750602
0.778507
0.814255
0.984334
0.836574
0.718621
0.800695
0.771764
0.626469
0.956822
0.790509
0.756472
0.761783
0.755049
0.710120
0.965996
0.643752
0.734003
0.795412
1.011538
0.780916
0.658539
0.873505
0.644431
0.639513
0.678335
0.841158
0.865156
0.768442
0.605644
0.803015
0.682789
0.862723
0.610880
0.697146
0.803108
0.889662
0.849392
0.665183
0.713966
0.775546
0.634583
0.936581
0.636564
0.863681
0.818731
0.811241
0.884603
0.710203
0.809147
0.604403
0.837901
