0.052259
0.253529
0.125931
0.000000
0.015655
0.188209
0.082466
0.246080
0.056490
0.137910
0.322939
0.270355
0.148835
0.281515
0.374945
0.433761
0.409758
0.388925
0.536517
0.753171
0.518154
0.515583
0.684855
0.693636
0.415460
0.538985
0.675002
0.679467
0.513197
0.748478
0.603114
0.519002
0.648802
0.741626
0.655227
0.617476
0.795402
0.808948
0.850798
0.792173
0.718769
0.773264
0.800901
0.697157
0.752582
0.808359
0.685317
0.695854
0.750602
0.778507
0.739377
0.841685
0.632586
0.459116
0.490943
0.416534
0.230077
0.523173
0.323142
0.258586
0.236274
0.204540
0.136983
0.372379
0.031599
0.105073
0.151298
0.353680
0.110620
0.000000
0.181761
0.000000
0.000000
0.000000
0.117452
0.135261
0.032947
0.000000
0.057861
0.000000
0.109658
0.000000
0.000000
0.040775
0.124806
0.082253
0.000000
0.000000
0.002778
0.000000
0.160894
0.000000
0.085604
0.039626
0.031205
0.103726
0.000000
0.026817
0.000000
0.054382
